1325473500000 m5 EUR/USD 1.29389 1.29347 10 10000.0
1325482800000 m5 EUR/USD 1.29327 1.29291 28 10000.0
1325483100000 m5 EUR/USD 1.29324 1.2928 12 10000.0
1325483400000 m5 EUR/USD 1.29334 1.29282 6 10000.0
1325483700000 m5 EUR/USD 1.29323 1.29286 16 10000.0
1325484000000 m5 EUR/USD 1.29315 1.29281 106 10000.0
1325484300000 m5 EUR/USD 1.29316 1.29282 8 10000.0
1325484600000 m5 EUR/USD 1.29314 1.29279 19 10000.0
1325484900000 m5 EUR/USD 1.29316 1.2928 3 10000.0
1325485500000 m5 EUR/USD 1.29351 1.293 107 10000.0
1325485800000 m5 EUR/USD 1.29345 1.29298 88 10000.0
1325486100000 m5 EUR/USD 1.29345 1.29297 49 10000.0
1325486400000 m5 EUR/USD 1.29345 1.29296 26 10000.0
1325486700000 m5 EUR/USD 1.29357 1.2931 36 10000.0
1325487000000 m5 EUR/USD 1.29354 1.29317 31 10000.0
1325487300000 m5 EUR/USD 1.29388 1.29277 164 10000.0
1325487600000 m5 EUR/USD 1.29371 1.29341 254 10000.0
1325487900000 m5 EUR/USD 1.29454 1.29402 383 10000.0
1325488200000 m5 EUR/USD 1.29439 1.29387 320 10000.0
1325488500000 m5 EUR/USD 1.29449 1.2941 153 10000.0
1325488800000 m5 EUR/USD 1.29439 1.29395 35 10000.0
1325489100000 m5 EUR/USD 1.29474 1.2943 79 10000.0
1325489400000 m5 EUR/USD 1.29441 1.29393 80 10000.0
1325489700000 m5 EUR/USD 1.29452 1.29409 226 10000.0
1325490000000 m5 EUR/USD 1.29418 1.2939 178 10000.0
1325490300000 m5 EUR/USD 1.29436 1.29406 61 10000.0
1325490600000 m5 EUR/USD 1.29439 1.29408 117 10000.0
1325490900000 m5 EUR/USD 1.29408 1.29371 88 10000.0
1325491200000 m5 EUR/USD 1.29488 1.29442 160 10000.0
1325491500000 m5 EUR/USD 1.29502 1.29475 107 10000.0
1325491800000 m5 EUR/USD 1.29486 1.29453 95 10000.0
1325492100000 m5 EUR/USD 1.29537 1.29509 111 10000.0
1325492400000 m5 EUR/USD 1.29515 1.29474 159 10000.0
1325492700000 m5 EUR/USD 1.29518 1.29492 133 10000.0
1325493000000 m5 EUR/USD 1.29523 1.29497 57 10000.0
1325493300000 m5 EUR/USD 1.29468 1.29432 117 10000.0
1325493600000 m5 EUR/USD 1.2947 1.29445 183 10000.0
1325493900000 m5 EUR/USD 1.29492 1.29453 145 10000.0
1325494200000 m5 EUR/USD 1.29484 1.29453 145 10000.0
1325494500000 m5 EUR/USD 1.29409 1.29376 107 10000.0
1325494800000 m5 EUR/USD 1.29561 1.29527 748 10000.0
1325495100000 m5 EUR/USD 1.29541 1.29504 311 10000.0
1325495400000 m5 EUR/USD 1.29531 1.29498 356 10000.0
1325495700000 m5 EUR/USD 1.29541 1.29506 121 10000.0
1325496000000 m5 EUR/USD 1.29526 1.29502 452 10000.0
1325496300000 m5 EUR/USD 1.29597 1.29561 243 10000.0
1325496600000 m5 EUR/USD 1.29517 1.29487 144 10000.0
1325496900000 m5 EUR/USD 1.2958 1.2955 262 10000.0
1325497200000 m5 EUR/USD 1.29565 1.29537 100 10000.0
1325497500000 m5 EUR/USD 1.29599 1.29569 151 10000.0
1325497800000 m5 EUR/USD 1.29581 1.29553 66 10000.0
1325498100000 m5 EUR/USD 1.29575 1.29545 57 10000.0
1325498400000 m5 EUR/USD 1.29583 1.29556 51 10000.0
1325498700000 m5 EUR/USD 1.29604 1.29574 171 10000.0
1325499000000 m5 EUR/USD 1.296 1.2957 263 10000.0
1325499300000 m5 EUR/USD 1.29559 1.29533 74 10000.0
1325499600000 m5 EUR/USD 1.29506 1.29481 185 10000.0
1325499900000 m5 EUR/USD 1.29513 1.2948 127 10000.0
1325500200000 m5 EUR/USD 1.29493 1.29456 224 10000.0
1325500500000 m5 EUR/USD 1.29486 1.29457 201 10000.0
1325500800000 m5 EUR/USD 1.29424 1.29385 176 10000.0
1325501100000 m5 EUR/USD 1.2945 1.29425 144 10000.0
1325501400000 m5 EUR/USD 1.2942 1.29383 59 10000.0
1325501700000 m5 EUR/USD 1.29481 1.29451 112 10000.0
1325502000000 m5 EUR/USD 1.29485 1.29453 107 10000.0
1325502300000 m5 EUR/USD 1.29477 1.29449 65 10000.0
1325502600000 m5 EUR/USD 1.2948 1.29452 36 10000.0
1325502900000 m5 EUR/USD 1.29485 1.29458 48 10000.0
1325503200000 m5 EUR/USD 1.29478 1.29452 56 10000.0
1325503500000 m5 EUR/USD 1.29487 1.29464 38 10000.0
1325503800000 m5 EUR/USD 1.29489 1.29465 48 10000.0
1325504100000 m5 EUR/USD 1.29511 1.29485 83 10000.0
1325504400000 m5 EUR/USD 1.29502 1.29482 98 10000.0
1325504700000 m5 EUR/USD 1.29518 1.29492 85 10000.0
1325505000000 m5 EUR/USD 1.29508 1.29477 60 10000.0
1325505300000 m5 EUR/USD 1.29514 1.29491 107 10000.0
1325505600000 m5 EUR/USD 1.29478 1.29455 47 10000.0
1325505900000 m5 EUR/USD 1.29467 1.29444 70 10000.0
1325506200000 m5 EUR/USD 1.29457 1.29429 147 10000.0
1325506500000 m5 EUR/USD 1.2948 1.29451 82 10000.0
1325506800000 m5 EUR/USD 1.29479 1.29457 72 10000.0
1325507100000 m5 EUR/USD 1.29447 1.2942 75 10000.0
1325507400000 m5 EUR/USD 1.29471 1.29443 73 10000.0
1325507700000 m5 EUR/USD 1.29444 1.29415 73 10000.0
1325508000000 m5 EUR/USD 1.29442 1.2941 114 10000.0
1325508300000 m5 EUR/USD 1.29408 1.29386 189 10000.0
1325508600000 m5 EUR/USD 1.29364 1.29347 223 10000.0
1325508900000 m5 EUR/USD 1.29401 1.29375 132 10000.0
1325509200000 m5 EUR/USD 1.29382 1.2935 87 10000.0
1325509500000 m5 EUR/USD 1.29392 1.29367 106 10000.0
1325509800000 m5 EUR/USD 1.29379 1.29354 344 10000.0
1325510100000 m5 EUR/USD 1.29412 1.29383 243 10000.0
1325510400000 m5 EUR/USD 1.29414 1.29384 71 10000.0
1325510700000 m5 EUR/USD 1.29408 1.29382 17 10000.0
1325511000000 m5 EUR/USD 1.29415 1.29389 55 10000.0
1325511300000 m5 EUR/USD 1.29372 1.29347 59 10000.0
1325511600000 m5 EUR/USD 1.29325 1.29299 162 10000.0
1325511900000 m5 EUR/USD 1.29271 1.29246 182 10000.0
1325512200000 m5 EUR/USD 1.29262 1.29236 128 10000.0
1325512500000 m5 EUR/USD 1.29284 1.29259 84 10000.0
1325512800000 m5 EUR/USD 1.29326 1.293 126 10000.0
1325513100000 m5 EUR/USD 1.29325 1.29298 38 10000.0
1325513400000 m5 EUR/USD 1.2934 1.29316 78 10000.0
1325513700000 m5 EUR/USD 1.29331 1.29304 143 10000.0
1325514000000 m5 EUR/USD 1.2931 1.29283 100 10000.0
1325514300000 m5 EUR/USD 1.29346 1.29317 160 10000.0
1325514600000 m5 EUR/USD 1.29323 1.29297 74 10000.0
1325514900000 m5 EUR/USD 1.29326 1.29301 107 10000.0
1325515200000 m5 EUR/USD 1.29361 1.29332 119 10000.0
1325515500000 m5 EUR/USD 1.29365 1.29338 175 10000.0
1325515800000 m5 EUR/USD 1.29352 1.29324 60 10000.0
1325516100000 m5 EUR/USD 1.29344 1.29321 66 10000.0
1325516400000 m5 EUR/USD 1.29338 1.2931 72 10000.0
1325516700000 m5 EUR/USD 1.29374 1.29348 72 10000.0
1325517000000 m5 EUR/USD 1.29395 1.2936 57 10000.0
1325517300000 m5 EUR/USD 1.29384 1.29355 93 10000.0
1325517600000 m5 EUR/USD 1.29382 1.29352 50 10000.0
1325517900000 m5 EUR/USD 1.29283 1.29255 187 10000.0
1325517900000 m5 EUR/USD 1.29283 1.29255 187 10000.0
1325518200000 m5 EUR/USD 1.29222 1.29193 184 10000.0
1325518500000 m5 EUR/USD 1.2929 1.29253 201 10000.0
1325518800000 m5 EUR/USD 1.29292 1.29254 34 10000.0
1325519100000 m5 EUR/USD 1.29266 1.29229 171 10000.0
1325519400000 m5 EUR/USD 1.29246 1.29221 74 10000.0
1325519700000 m5 EUR/USD 1.29225 1.29203 100 10000.0
1325520000000 m5 EUR/USD 1.29259 1.29225 96 10000.0
1325520300000 m5 EUR/USD 1.29276 1.2925 23 10000.0
1325520600000 m5 EUR/USD 1.29266 1.2924 27 10000.0
1325520900000 m5 EUR/USD 1.29247 1.29222 32 10000.0
1325521200000 m5 EUR/USD 1.29251 1.29225 43 10000.0
1325521500000 m5 EUR/USD 1.29272 1.29246 34 10000.0
1325521800000 m5 EUR/USD 1.29276 1.29244 42 10000.0
1325522100000 m5 EUR/USD 1.2926 1.29234 37 10000.0
1325522400000 m5 EUR/USD 1.29259 1.29233 27 10000.0
1325522700000 m5 EUR/USD 1.29247 1.29221 23 10000.0
1325523000000 m5 EUR/USD 1.29248 1.29223 26 10000.0
1325523300000 m5 EUR/USD 1.29218 1.29192 22 10000.0
1325523600000 m5 EUR/USD 1.29225 1.29198 35 10000.0
1325523900000 m5 EUR/USD 1.29252 1.2922 72 10000.0
1325524200000 m5 EUR/USD 1.29236 1.29204 57 10000.0
1325524500000 m5 EUR/USD 1.29237 1.29207 64 10000.0
1325524800000 m5 EUR/USD 1.29228 1.29203 11 10000.0
1325525100000 m5 EUR/USD 1.29226 1.29196 17 10000.0
1325525400000 m5 EUR/USD 1.29227 1.29196 4 10000.0
1325525700000 m5 EUR/USD 1.29233 1.29209 20 10000.0
1325526000000 m5 EUR/USD 1.29243 1.29217 46 10000.0
1325526300000 m5 EUR/USD 1.29238 1.29217 27 10000.0
1325526600000 m5 EUR/USD 1.29252 1.29226 11 10000.0
1325526900000 m5 EUR/USD 1.29338 1.29304 72 10000.0
1325527200000 m5 EUR/USD 1.29302 1.29272 94 10000.0
1325527500000 m5 EUR/USD 1.29297 1.29266 15 10000.0
1325527800000 m5 EUR/USD 1.2929 1.29258 18 10000.0
1325528100000 m5 EUR/USD 1.29298 1.29267 5 10000.0